Personal Number	Projectnr.	Omschrijving	Week	Job	0	Normale uren	O1	O2	T1	T2	T3	Uren VI	Uren VII	Dagen	Svw-dag['616365']	U101400002	Echt	201549	6	38.64	21.71	0	0	16.2	0.73	0	0	0	5	5					Job
['616365']	U101400002	Echt	201550	6	37.02	35.02	0	0	0	2	0	0	0	5	5					
['438812']	U101400002	Echt	201549	4	43.59	43.59	0	0	0	0	0	0	0	6	5					
['438812']	U101400002	Echt	201550	4	28.11	17.89	0	0	10.22	0	0	0	0	4	4					
['438812']	U101400002	Echt	201551	4	45.44	41.44	0	0	0	4	0	0	0	6	5					
['438812']	U101400002	Echt	201552	4	24.86	12.95	0	0	6.89	0	5.02	0	0	4	4					
['438812']	U101400002	Echt	201553	4	37.03	36.03	0	0	0	1	0	0	0	5	5					
['540345']	U101400002	Echt	201549	8	46.9	22.5	0	0	16.58	7.82	0	0	0	5	5					
['540345']	U101400002	Echt	201550	8	46.92	22.64	0	0	16.48	7.8	0	0	0	5	5					
['399426']	U101400002	Echt	201549	6	47.27	22.53	0	0	16.86	7.88	0	0	0	5	5					
['399426']	U101400002	Echt	201550	6	45.57	22.74	0	0	16.86	5.97	0	0	0	5	5					
['399426']	U101400002	Echt	201551	6	38.49	18.6	0	0	14	5.89	0	0	0	4	4					
['399426']	U101400002	Echt	201552	6	40.09	18.6	0	0	10.47	2.94	8.08	0	0	5	5					
['399426']	U101400002	Echt	201553	6	29.43	17.95	0	0	10.46	1.02	0	0	0	4	4					
['146978']	U101400002	Echt	201549	5	51.57	47.57	0	0	0	4	0	0	0	6	5					
['146978']	U101400002	Echt	201550	5	45.24	40.24	0	0	0	5	0	0	0	5	5					
['146978']	U101400002	Echt	201551	5	43.4	40.4	0	0	0	3	0	0	0	5	5					
['146978']	U101400002	Echt	201552	5	25.13	24.13	0	0	0	1	0	0	0	3	3					
['146978']	U101400002	Echt	201553	5	31.76	28.76	0	0	0	3	0	0	0	4	4					
['292906']	U101400002	Echt	201549	4	38.09	22.48	0	0	15.59	0.02	0	0	0	5	5					
['292906']	U101400002	Echt	201550	4	46.69	44.69	0	0	0	2	0	0	0	6	5					
['292906']	U101400002	Echt	201551	4	32.29	21.37	0	0	10.92	0	0	0	0	5	5					
['292906']	U101400002	Echt	201552	4	16.91	11.53	0	0	5.38	0	0	0	0	3	3					
['292906']	U101400002	Echt	201553	4	39.19	38.19	0	0	0	1	0	0	0	5	5					
['109135']	U101400002	Echt	201549	4	47.5	32.87	0	0	14.1	0.53	0	0	0	6	5					
['109135']	U101400002	Echt	201550	4	44.82	42.82	0	0	0	2	0	0	0	6	5					
['109135']	U101400002	Echt	201551	4	32.36	21.84	0	0	10.52	0	0	0	0	5	5					
['109135']	U101400002	Echt	201552	4	36.63	29.95	0	0	0	2	4.68	0	0	5	5					
['109135']	U101400002	Echt	201553	4	30.55	23.67	0	0	6.88	0	0	0	0	5	5					
['344656']	U101400002	Echt	201549	4	37.08	22.3	0	0	14.3	0.48	0	0	0	5	5					
['344656']	U101400002	Echt	201550	4	43.87	41.87	0	0	0	2	0	0	0	6	5					
['344656']	U101400002	Echt	201551	4	32	21.6	0	0	10.4	0	0	0	0	5	5					
['344656']	U101400002	Echt	201552	4	23.18	22.18	0	0	0	1	0	0	0	3	3					
['344656']	U101400002	Echt	201553	4	29.38	23.21	0	0	6.17	0	0	0	0	5	4					
['913503']	U101400002	Echt	201549	4	36.25	27.62	0	0	8.63	0	0	0	0	5	5					
['913503']	U101400002	Echt	201550	4	35.22	21.79	0	0	13.21	0.22	0	0	0	5	5					
['913503']	U101400002	Echt	201551	4	45.54	41.44	0	0	0	4.1	0	0	0	6	5					
['913503']	U101400002	Echt	201552	4	20.14	13.08	0	0	7.06	0	0	0	0	3	3					
['913503']	U101400002	Echt	201553	4	38.96	37.96	0	0	0	1	0	0	0	5	5					
['423376']	U101400002	Echt	201549	2	47.21	22.61	0	0	16.76	7.84	0	0	0	5	5					
['024491']	U101400002	Echt	201549	10	47.1	23.42	0	0	16.85	6.83	0	0	0	5	5					
['174668']	U101400002	Echt	201549	2	38.23	23.12	0	0	15.11	0	0	0	0	5	5					
['174668']	U101400002	Echt	201550	2	44.13	42.13	0	0	0	2	0	0	0	6	5					
['965640']	U101400002	Echt	201549	2	39.71	27.69	0	0	12.02	0	0	0	0	6	5					
['965640']	U101400002	Echt	201550	2	43.35	41.35	0	0	0	2	0	0	0	6	5					
['965640']	U101400002	Echt	201551	2	24.97	16.28	0	0	8.69	0	0	0	0	4	4					
['812780']	U101400002	Echt	201549	3	44.74	44.74	0	0	0	0	0	0	0	6	5					
['812780']	U101400002	Echt	201550	3	34.45	21.26	0	0	13.02	0.17	0	0	0	5	5					
['812780']	U101400002	Echt	201551	3	43.17	39.17	0	0	0	4	0	0	0	6	5					
['644324']	U101400002	Echt	201549	2	31.12	31.12	0	0	0	0	0	0	0	4	4					
['644324']	U101400002	Echt	201550	2	28.14	28.14	0	0	0	0	0	0	0	4	4					
['408185']	U101400002	Echt	201549	2	29.31	18.15	0	0	11.13	0.03	0	0	0	4	4					
['408185']	U101400002	Echt	201550	2	42.99	40.99	0	0	0	2	0	0	0	6	5					
['408185']	U101400002	Echt	201551	2	31.07	20.45	0	0	10.62	0	0	0	0	5	5					
['085853']	U101400002	Echt	201549	2	35.71	22.17	0	0	13.39	0.15	0	0	0	5	5					
['085853']	U101400002	Echt	201550	2	42.95	40.95	0	0	0	2	0	0	0	6	5					
['085853']	U101400002	Echt	201551	2	30.36	20.6	0	0	9.76	0	0	0	0	5	5					
['588509']	U101400002	Echt	201549	2	35.51	21.84	0	0	13.35	0.32	0	0	0	5	5					
['588509']	U101400002	Echt	201550	2	43.18	41.18	0	0	0	2	0	0	0	6	5					
['588509']	U101400002	Echt	201551	2	30.49	21.82	0	0	8.67	0	0	0	0	5	5					
['896945']	U101400002	Echt	201549	2	53.04	48.97	0	0	0	4.07	0	0	0	6	5					
['896945']	U101400002	Echt	201550	2	50.76	40.13	0	0	0	3.98	6.65	0	0	6	5					
['896945']	U101400002	Echt	201551	2	34.89	30.91	9.33	0	0	3.98	0	0	0	5	5					
['036376']	U101400002	Echt	201549	3	34.34	34.34	0.08	0	0	0	0	0	0	4	4					
['036376']	U101400002	Echt	201550	3	39.05	39.05	0	0	0	0	0	0	0	5	5					
['036376']	U101400002	Echt	201551	3	31.35	31.35	0	0	0	0	0	0	0	4	4					
['344684']	U101400002	Echt	201550	1	34.89	20.36	0	0	14.38	0.15	0	0	0	5	5					
['344684']	U101400002	Echt	201551	1	44.36	40.36	0	0	0	4	0	0	0	6	5					
['344684']	U101400002	Echt	201552	1	24.77	12.88	0	0	7.41	0	4.48	0	0	4	4					
['387854']	U101400002	Echt	201549	1	38.17	22.21	0	0	15.61	0.35	0	0	0	5	5					
['387854']	U101400002	Echt	201550	1	45.09	43.09	0	0	0	2	0	0	0	6	5					
['387854']	U101400002	Echt	201551	1	36.89	25.44	0	0	11.45	0	0	0	0	6	5					
['618698']	U101400002	Echt	201549	1	46.26	46.26	0	0	0	0	0	0	0	6	5					
['618698']	U101400002	Echt	201550	1	38.06	21.32	0	0	16.22	0.52	0	0	0	5	5					
['618698']	U101400002	Echt	201551	1	47.42	43.42	0	0	0	4	0	0	0	6	5					
['618698']	U101400002	Echt	201552	1	14.58	8.45	0	0	6.13	0	0	0	0	2	2					
['836373']	U101400002	Echt	201549	1	34.56	34.56	0	0	0	0	0	0	0	5	5					
['836373']	U101400002	Echt	201550	1	36.74	34.74	0	0	0	2	0	0	0	5	5					
['836373']	U101400002	Echt	201551	1	25.48	16.7	0	0	8.78	0	0	0	0	4	4					
['836373']	U101400002	Echt	201552	1	14.79	13.79	0	0	0	1	0	0	0	2	2					
['519449']	U101400002	Echt	201549	1	38.3	22.53	0	0	15.39	0.38	0	0	0	5	5					
['519449']	U101400002	Echt	201550	1	44.47	42.47	0	0	0	2	0	0	0	6	5					
['519449']	U101400002	Echt	201551	1	37.02	25.26	0	0	11.76	0	0	0	0	6	5					
['519449']	U101400002	Echt	201552	1	36.67	29.82	0	0	0	2	4.85	0	0	5	5					
['519449']	U101400002	Echt	201553	1	30.76	23.73	0	0	7.03	0	0	0	0	5	4					
['921212']	U101400002	Echt	201549	1	29.06	17.93	0	0	10.8	0.33	0	0	0	4	4					
['921212']	U101400002	Echt	201550	1	45.63	43.63	0	0	0	2	0	0	0	6	5					
['921212']	U101400002	Echt	201551	1	33.31	21.43	0	0	11.78	0.1	0	0	0	5	5					
['921212']	U101400002	Echt	201552	1	36.75	29.95	0	0	0	2	4.8	0	0	5	5					
['921212']	U101400002	Echt	201553	1	18.93	12.63	0	0	6.3	0	0	0	0	3	3					
['736903']	U101400002	Echt	201549	1	46.2	46.2	0	0	0	0	0	0	0	6	5					
['736903']	U101400002	Echt	201550	1	37.65	24.99	0	0	10.56	2.1	0	0	0	6	5					
['736903']	U101400002	Echt	201551	1	44.75	40.75	0	0	0	4	0	0	0	6	5					
['736903']	U101400002	Echt	201552	1	30.78	18.05	0	0	7.83	0	4.9	0	0	5	5					
['736903']	U101400002	Echt	201553	1	36.27	35.27	0	0	0	1	0	0	0	5	5					
['339676']	U101400002	Echt	201549	1	39.69	39.69	0	0	0	0	0	0	0	6	5					
['339676']	U101400002	Echt	201550	1	37.25	25.01	0	0	12.24	0	0	0	0	6	5					
['339676']	U101400002	Echt	201551	1	44.21	40.21	0	0	0	4	0	0	0	6	5					
['339676']	U101400002	Echt	201553	1	22.68	21.68	0	0	0	1	0	0	0	3	3					
['763246']	U101400002	Echt	201550	1	25.29	25.29	0	0	0	0	0	0	0	4	4					
['763246']	U101400002	Echt	201551	1	20.67	14.86	0	0	5.81	0	0	0	0	4	4					
['542955']	U101400002	Echt	201549	2	47.62	47.62	0	0	0	0	0	0	0	6	5					
['542955']	U101400002	Echt	201550	2	36.55	21.56	0	0	14.56	0.43	0	0	0	5	5					
['542955']	U101400002	Echt	201551	2	45.78	41.78	0	0	0	4	0	0	0	6	5					
['542955']	U101400002	Echt	201552	2	25.75	12.79	0	0	8.08	0	4.88	0	0	4	4					
['542955']	U101400002	Echt	201553	2	38.58	37.58	0	0	0	1	0	0	0	5	4					
['318824']	U101400002	Echt	201549	2	45.56	42.46	0	0	0	3.1	0	0	0	6	5					
['318824']	U101400002	Echt	201550	2	43.1	39.1	0	0	0	4	0	0	0	5	5					
['318824']	U101400002	Echt	201551	2	43.26	40.21	0	0	0	3.05	0	0	0	5	5					
['318824']	U101400002	Echt	201552	2	31.74	28.74	0	0	0	3	0	0	0	4	4					
['318824']	U101400002	Echt	201553	2	31.99	28.99	0	0	0	3	0	0	0	4	4					
['288123']	U101400002	Echt	201549	1	44.52	44.52	0	0	0	0	0	0	0	6	5					
['288123']	U101400002	Echt	201550	1	44.58	42.58	0	0	0	2	0	0	0	6	5					
['288123']	U101400002	Echt	201551	1	23.99	16.07	0	0	7.9	0.02	0	0	0	4	4					
['288123']	U101400002	Echt	201552	1	31.37	29.37	0	0	0	2	0	0	0	4	4					
['288123']	U101400002	Echt	201553	1	20.07	12.35	0	0	7.72	0	0	0	0	3	3					
['510893']	U101400002	Echt	201549	1	40.42	40.42	0	0	0	0	0	0	0	5	5					
['510893']	U101400002	Echt	201550	1	35.04	35.04	0	0	0	0	0	0	0	5	5					
['510893']	U101400002	Echt	201551	1	39.73	39.73	0	0	0	0	0	0	0	5	5					
['510893']	U101400002	Echt	201552	1	29.28	29.28	0	0	0	0	0	0	0	4	4					
['510893']	U101400002	Echt	201553	1	19.93	19.93	0	0	0	0	0	0	0	3	3					
['372989']	U101400002	Echt	201549	1	48.29	48.29	0.97	0	0	0	0	0	0	6	5					
['372989']	U101400002	Echt	201550	1	41.18	41.18	0	0	0	0	0	0	0	5	5					
['372989']	U101400002	Echt	201551	1	36.79	36.79	0	0	0	0	0	0	0	5	5					
['372989']	U101400002	Echt	201552	1	32.1	32.1	1.07	0	0	0	0	0	0	4	4					
['372989']	U101400002	Echt	201553	1	1.52	1.52	0	0	0	0	0	0	0	1	1					
['326705']	U101400002	Echt	201550	1	41.48	41.48	0	0	0	0	0	0	0	5	5					
['326705']	U101400002	Echt	201551	1	41.49	41.49	0	0	0	0	0	0	0	6	5					
['326705']	U101400002	Echt	201552	1	30.02	30.02	0	0	0	0	0	0	0	4	4					
['326705']	U101400002	Echt	201553	1	35.23	35.23	0	0	0	0	0	0	0	5	5					
['392421']	U101400002	Echt	201549	1	39.74	21.83	0	0	16.74	1.17	0	0	0	5	5					
['392421']	U101400002	Echt	201550	1	45.63	27.3	0	0	17	1.33	0	0	0	6	5					
['392421']	U101400002	Echt	201551	1	36.57	19.22	0	0	17.31	0.04	0	0	0	5	5					
['053987']	U101400002	Echt	201549	2	36.2	22.38	0	0	13.61	0.21	0	0	0	5	5					
['053987']	U101400002	Echt	201550	2	44.01	42.01	0	0	0	2	0	0	0	6	5					
['053987']	U101400002	Echt	201551	2	32.64	21.39	0	0	11.25	0	0	0	0	5	5					
['053987']	U101400002	Echt	201552	2	32.31	30.31	0	0	0	2	0	0	0	4	4					
['053987']	U101400002	Echt	201553	2	29.7	23.6	0	0	6.1	0	0	0	0	5	5					
['141641']	U101400002	Echt	201549	1	43.69	43.69	0.05	0	0	0	0	0	0	5	5					
['141641']	U101400002	Echt	201550	1	40.32	40.32	0	0	0	0	0	0	0	5	5					
['141641']	U101400002	Echt	201551	1	24.08	24.08	0	0	0	0	0	0	0	4	4					
['330667']	U101400002	Echt	201549	4	47.15	22.65	0	0	16.76	7.74	0	0	0	5	5					
['330667']	U101400002	Echt	201550	4	46.79	22.71	0	0	16.37	7.71	0	0	0	5	5					
['330667']	U101400002	Echt	201551	4	49.24	23.17	0	0	16.85	9.22	0	0	0	5	5					
['330667']	U101400002	Echt	201552	4	44.55	19.62	0	0	10.84	4.87	9.22	0	0	5	5					
['330667']	U101400002	Echt	201553	4	31.69	23.64	0	0	7.13	0.92	0	0	0	4	4					
['528589']	U101400002	Echt	201549	2	15.01	8.23	0	0	6.78	0	0	0	0	2	2					
['528589']	U101400002	Echt	201551	2	31.32	19.92	0	0	11.4	0	0	0	0	6	6					
['528589']	U101400002	Echt	201552	2	28.08	15.48	0	0	6.72	0	5.88	0	0	5	5					
['528589']	U101400002	Echt	201553	2	24.93	18.99	0	0	5.94	0	0	0	0	4	4					
['266858']	U101400002	Echt	201549	2	40.72	40.72	0	0	0	0	0	0	0	5	5					
['266858']	U101400002	Echt	201550	2	58.37	47.66	0	0	0	4.11	6.6	0	0	7	5					
['266858']	U101400002	Echt	201551	2	45.07	40.89	0	0	0	4.18	0	0	0	5	5					
['266858']	U101400002	Echt	201552	2	40.11	30.71	0.15	0	0	3	6.4	0	0	5	5					
['266858']	U101400002	Echt	201553	2	38.5	37.5	0	0	0	1	0	0	0	5	5					
['261659']	U101400002	Echt	201549	1	47.56	28.74	0	0	17.79	1.03	0	0	0	6	5					
['261659']	U101400002	Echt	201550	1	45.15	26.06	0	0	17.84	1.25	0	0	0	6	5					
['261659']	U101400002	Echt	201551	1	44.13	27.81	0	0	15.82	0.5	0	0	0	6	5					
['261659']	U101400002	Echt	201552	1	24.93	23.85	0	0	0	1.08	0	0	0	3	3					
['261659']	U101400002	Echt	201553	1	34.7	24.78	0	0	9.85	0.07	0	0	0	5	5					
['098878']	U101400002	Echt	201549	1	47.74	29.22	0	0	17.52	1	0	0	0	6	5					
['098878']	U101400002	Echt	201550	1	45.03	25.93	0	0	17.85	1.25	0	0	0	6	5					
['098878']	U101400002	Echt	201551	1	43.22	26.8	0	0	15.92	0.5	0	0	0	6	5					
['098878']	U101400002	Echt	201552	1	24.84	23.84	0	0	0	1	0	0	0	3	3					
['098878']	U101400002	Echt	201553	1	34.48	24.6	0	0	9.83	0.05	0	0	0	5	5					
['607253']	U101400002	Echt	201550	1	59.98	50.17	0	0	0	3.11	6.7	0	0	7	5					
['607253']	U101400002	Echt	201551	1	42.8	39.8	0	0	0	3	0	0	0	5	5					
['607253']	U101400002	Echt	201552	1	12.88	11.88	0	0	0	1	0	0	0	2	2					
['607253']	U101400002	Echt	201553	1	9.9	9.9	0	0	0	0	0	0	0	1	1					
['921075']	U101400002	Echt	201549	1	35.77	22.29	0	0	13.11	0.37	0	0	0	5	5					
['574616']	U101400002	Echt	201549	2	43.55	43.55	0	0	0	0	0	0	0	6	5					
['574616']	U101400002	Echt	201550	2	44.46	42.46	0	0	0	2	0	0	0	6	5					
['574616']	U101400002	Echt	201551	2	36.82	25.78	0	0	11.04	0	0	0	0	6	5					
['574616']	U101400002	Echt	201552	2	35.41	28.91	0	0	0	2	4.5	0	0	5	4					
['574616']	U101400002	Echt	201553	2	30.99	23.72	0	0	7.27	0	0	0	0	5	4					
['452577']	U101400002	Echt	201549	2	53.28	49.16	0	0	0	4.12	0	0	0	6	5					
['452577']	U101400002	Echt	201550	2	51.75	40.02	0	0	0	5	6.73	0	0	6	5					
['452577']	U101400002	Echt	201551	2	44.67	40.67	0	0	0	4	0	0	0	5	5					
['452577']	U101400002	Echt	201552	2	41.42	29.39	0	0	0	3	9.03	0	0	5	5					
['452577']	U101400002	Echt	201553	2	32.24	29.24	0	0	0	3	0	0	0	4	4					
['155032']	U101400002	Echt	201549	1	45.33	45.33	0	0	0	0	0	0	0	6	5					
['155032']	U101400002	Echt	201550	1	34.52	20.8	0	0	13.72	0	0	0	0	5	5					
['155032']	U101400002	Echt	201551	1	44.86	40.86	0	0	0	4	0	0	0	6	5					
['155032']	U101400002	Echt	201552	1	19.97	12.32	0	0	7.65	0	0	0	0	3	3					
['155032']	U101400002	Echt	201553	1	37.93	36.93	0	0	0	1	0	0	0	5	5					
['183150']	U101400002	Echt	201549	1	35.55	35.55	0.85	0	0	0	0	0	0	4	4					
['183150']	U101400002	Echt	201550	1	31.24	31.24	0	0	0	0	0	0	0	4	4					
['183150']	U101400002	Echt	201551	1	21.88	21.88	0	0	0	0	0	0	0	3	3					
['291066']	U101400002	Echt	201549	2	35.25	21.35	0	0	13.8	0.1	0	0	0	5	5					
['291066']	U101400002	Echt	201550	2	44.99	42.99	0	0	0	2	0	0	0	6	5					
['291066']	U101400002	Echt	201551	2	31.97	21.54	0	0	10.43	0	0	0	0	5	5					
['291066']	U101400002	Echt	201552	2	35.52	29.4	0	0	0	2	4.12	0	0	5	5					
['291066']	U101400002	Echt	201553	2	27.45	20.1	0	0	7.35	0	0	0	0	4	4					
['322513']	U101400002	Echt	201550	1	43.8	18.14	0	0	13.23	5.91	6.52	0	0	5	5					
['322513']	U101400002	Echt	201551	1	46.38	23.09	0	0	16.25	7.04	0	0	0	5	5					
['627232']	U101400002	Echt	201549	1	42.46	23.35	0	0	13.6	5.51	0	0	0	5	5					
['627232']	U101400002	Echt	201550	1	50.93	4.5	0	0	17.17	22.76	6.5	0	0	6	5					
['627232']	U101400002	Echt	201551	1	44.29	2.6	0	0	17.74	23.95	0	0	0	5	5					
['627232']	U101400002	Echt	201552	1	42.89	19.02	0	0	10.23	4.69	8.95	0	0	5	5					
['627232']	U101400002	Echt	201553	1	31.25	18.71	0	0	10.37	2.17	0	0	0	4	4					
['325116']	U101400002	Echt	201549	1	47.33	22.6	0	0	16.71	8.02	0	0	0	5	5					
['325116']	U101400002	Echt	201550	1	51.84	4.57	0	0	17.48	23.16	6.63	0	0	6	5					
['325116']	U101400002	Echt	201551	1	42.64	0	0	0	17.59	25.05	0	0	0	5	5					
['325116']	U101400002	Echt	201552	1	40.63	19.53	0	0	10.1	2.95	8.05	0	0	5	5					
['325116']	U101400002	Echt	201553	1	31.03	18.75	0	0	10.13	2.15	0	0	0	4	4					
['985847']	U101400002	Echt	201549	1	43.24	28.19	0	0	14.45	0.6	0	0	0	6	5					
['985847']	U101400002	Echt	201550	1	46.32	44.32	0	0	0	2	0	0	0	6	5					
['985847']	U101400002	Echt	201551	1	37.44	26.27	0	0	11.17	0	0	0	0	6	5					
['985847']	U101400002	Echt	201552	1	32.33	30.33	0	0	0	2	0	0	0	4	4					
['985847']	U101400002	Echt	201553	1	19.53	12.73	0	0	6.8	0	0	0	0	3	3					
['760394']	U101400002	Echt	201549	1	34.73	22.34	0	0	12.39	0	0	0	0	5	5					
['760394']	U101400002	Echt	201550	1	43.72	41.72	0	0	0	2	0	0	0	6	5					
['760394']	U101400002	Echt	201551	1	32.3	21.75	0	0	10.55	0	0	0	0	5	5					
['760394']	U101400002	Echt	201552	1	36.77	30.35	0	0	0	2	4.42	0	0	5	5					
['760394']	U101400002	Echt	201553	1	30.31	23.83	0	0	6.48	0	0	0	0	5	5					
['166555']	U101400002	Echt	201549	1	48.95	48.95	0	0	0	0	0	0	0	6	5					
['166555']	U101400002	Echt	201550	1	46.14	44.14	0	0	0	2	0	0	0	6	5					
['166555']	U101400002	Echt	201551	1	47.12	43.12	0	0	0	4	0	0	0	6	5					
['166555']	U101400002	Echt	201552	1	23.83	22.83	0	0	0	1	0	0	0	3	3					
['166555']	U101400002	Echt	201553	1	32.17	25.27	0	0	6.9	0	0	0	0	5	5					
['673714']	U101400002	Echt	201549	2	53.21	49.21	0	0	0	4	0	0	0	6	5					
['673714']	U101400002	Echt	201550	2	52.81	47.81	0	0	0	5	0	0	0	6	5					
['673714']	U101400002	Echt	201551	2	51.26	47.26	0	0	0	4	0	0	0	6	5					
['673714']	U101400002	Echt	201552	2	18.7	15.7	13.3	0	0	3	0	0	0	4	4					
['673714']	U101400002	Echt	201553	2	26.17	24.17	0	0	0	2	0	0	0	3	3					
['161704']	U101400002	Echt	201549	1	44.04	44.04	0	0	0	0	0	0	0	6	5					
['161704']	U101400002	Echt	201550	1	34.63	19.77	0	0	14.86	0	0	0	0	5	5					
['161704']	U101400002	Echt	201551	1	43.6	39.6	0	0	0	4	0	0	0	6	5					
['161704']	U101400002	Echt	201552	1	31.65	29.65	0	0	0	2	0	0	0	4	4					
['161704']	U101400002	Echt	201553	1	18.72	11.39	0	0	7.33	0	0	0	0	3	3					
['105322']	U101400002	Echt	201549	2	48.97	48.97	0	0	0	0	0	0	0	6	5					
['105322']	U101400002	Echt	201550	2	36.92	21.58	0	0	14.72	0.62	0	0	0	5	5					
['105322']	U101400002	Echt	201551	2	45.13	41.13	0	0	0	4	0	0	0	6	5					
['105322']	U101400002	Echt	201552	2	25.93	12.79	0	0	8.29	0	4.85	0	0	4	4					
['105322']	U101400002	Echt	201553	2	38.76	37.76	0	0	0	1	0	0	0	5	5					
['788554']	U101400002	Echt	201549	1	37.87	15.74	0	0	17.19	4.94	0	0	0	5	5					
['788554']	U101400002	Echt	201550	1	31.05	14.32	0	0	12.95	3.78	0	0	0	5	5					
['788554']	U101400002	Echt	201551	1	33.02	19.77	0	0	11.7	1.55	0	0	0	6	5					
['788554']	U101400002	Echt	201552	1	24.51	13.66	0	0	6.97	0	3.88	0	0	5	5					
['788554']	U101400002	Echt	201553	1	22.12	15.21	0	0	6.91	0	0	0	0	4	4					
['483689']	U101400002	Echt	201549	1	38.9	38.9	0	0	0	0	0	0	0	5	5					
['483689']	U101400002	Echt	201550	1	34.45	34.45	0	0	0	0	0	0	0	5	5					
['483689']	U101400002	Echt	201551	1	36.57	36.57	0	0	0	0	0	0	0	5	5					
['483689']	U101400002	Echt	201552	1	25.94	25.94	0	0	0	0	0	0	0	4	4					
['483689']	U101400002	Echt	201553	1	16.35	16.35	0	0	0	0	0	0	0	3	3					
['350837']	U101400002	Echt	201549	2	42.72	23.67	0	0	14.36	4.69	0	0	0	6	5					
['350837']	U101400002	Echt	201550	2	35.24	17.53	0	0	13.92	3.79	0	0	0	6	5					
['350837']	U101400002	Echt	201551	2	31.51	18.08	0	0	11.88	1.55	0	0	0	5	5					
['350837']	U101400002	Echt	201552	2	12.18	7.18	0	0	5	0	0	0	0	2	2					
['661351']	U101400002	Echt	201549	2	42.75	28.37	0	0	13.98	0.4	0	0	0	6	5					
['661351']	U101400002	Echt	201550	2	39.24	37.82	0	0	0	1.42	0	0	0	5	5					
['661351']	U101400002	Echt	201551	2	31.4	21.46	0	0	9.94	0	0	0	0	5	5					
['661351']	U101400002	Echt	201552	2	22.6	21.6	0	0	0	1	0	0	0	3	3					
['220275']	U101400002	Echt	201549	4	44.7	44.7	0.18	0	0	0	0	0	0	5	5					
['220275']	U101400002	Echt	201550	4	42.35	42.35	0	0	0	0	0	0	0	5	5					
['220275']	U101400002	Echt	201551	4	39.97	39.97	0	0	0	0	0	0	0	5	5					
['171168']	U101400002	Echt	201549	1	36.24	22.51	0	0	13.73	0	0	0	0	5	5					
['171168']	U101400002	Echt	201550	1	37.78	35.78	0	0	0	2	0	0	0	5	5					
['171168']	U101400002	Echt	201551	1	32.26	21.44	0	0	10.82	0	0	0	0	5	5					
['171168']	U101400002	Echt	201552	1	32.32	30.32	0	0	0	2	0	0	0	4	4					
['171168']	U101400002	Echt	201553	1	30.29	23.15	0	0	7.14	0	0	0	0	5	5					
['868258']	U101400002	Echt	201549	2	42.51	42.51	0	0	0	0	0	0	0	6	5					
['868258']	U101400002	Echt	201550	2	42.69	40.69	0	0	0	2	0	0	0	6	5					
['868258']	U101400002	Echt	201551	2	32.07	20.93	0	0	11.14	0	0	0	0	5	5					
['868258']	U101400002	Echt	201552	2	30.97	28.97	0	0	0	2	0	0	0	4	4					
['868258']	U101400002	Echt	201553	2	26.39	20.35	0	0	6.04	0	0	0	0	4	4					
['089583']	U101400002	Echt	201549	1	22.75	22.75	0	0	0	0	0	0	0	4	4					
['461348']	U101400002	Echt	201549	1	45.79	45.79	0	0	0	0	0	0	0	6	5					
['461348']	U101400002	Echt	201550	1	40.09	26	0	0	13.54	0.55	0	0	0	6	5					
['461348']	U101400002	Echt	201551	1	44.8	40.8	0	0	0	4	0	0	0	6	5					
['461348']	U101400002	Echt	201552	1	25.22	12.69	0	0	7.31	0	5.22	0	0	4	4					
['461348']	U101400002	Echt	201553	1	37.97	36.97	0	0	0	1	0	0	0	5	4					
['231343']	U101400002	Echt	201549	1	48.85	48.85	0.05	0	0	0	0	0	0	6	5					
['231343']	U101400002	Echt	201550	1	41.65	41.65	0	0	0	0	0	0	0	6	5					
['231343']	U101400002	Echt	201551	1	40.08	40.08	0	0	0	0	0	0	0	5	5					
['231343']	U101400002	Echt	201552	1	29.42	29.42	3.35	0	0	0	0	0	0	4	4					
['231343']	U101400002	Echt	201553	1	20.06	20.06	0	0	0	0	0	0	0	3	3					
['625180']	U101400002	Echt	201549	2	47.34	22.72	0	0	17.16	7.46	0	0	0	5	5					
['625180']	U101400002	Echt	201550	2	51.22	4.45	0	0	17.56	22.74	6.47	0	0	6	5					
['625180']	U101400002	Echt	201551	2	42.84	0	0	0	17.73	25.11	0	0	0	5	5					
['625180']	U101400002	Echt	201552	2	23.76	11.43	0	0	3.5	0.9	7.93	0	0	4	4					
['625180']	U101400002	Echt	201553	2	16	9.05	0	0	6.95	0	0	0	0	2	2					
['759013']	U101400002	Echt	201549	3	42.65	42.65	0	0	0	0	0	0	0	5	5					
['759013']	U101400002	Echt	201550	3	41.72	41.72	0	0	0	0	0	0	0	6	5					
['759013']	U101400002	Echt	201551	3	38.26	38.26	0	0	0	0	0	0	0	5	5					
['241450']	U101400002	Echt	201549	2	37.13	24.53	0	0	12.6	0	0	0	0	6	5					
['241450']	U101400002	Echt	201550	2	46.4	19.84	0	0	18.38	8.18	0	0	0	5	5					
['241450']	U101400002	Echt	201551	2	34.66	20.56	0	0	13.97	0.13	0	0	0	5	5					
['241450']	U101400002	Echt	201552	2	21.4	12.06	0	0	8.99	0.35	0	0	0	3	3					
['241450']	U101400002	Echt	201553	2	18.84	15.82	0	0	3.02	0	0	0	0	4	4					
['690289']	U101400002	Echt	201549	1	47.19	43.16	0	0	0	4.03	0	0	0	5	5					
['690289']	U101400002	Echt	201550	1	53.36	48.36	0	0	0	5	0	0	0	6	5					
['690289']	U101400002	Echt	201551	1	43.91	40.88	0	0	0	3.03	0	0	0	6	5					
['690289']	U101400002	Echt	201552	1	30.61	27.61	1.9	0	0	3	0	0	0	4	4					
['690289']	U101400002	Echt	201553	1	34.27	31.27	0.17	0	0	3	0	0	0	4	4					
['399989']	U101400002	Echt	201549	2	46.99	22.47	0	0	16.73	7.79	0	0	0	5	5					
['399989']	U101400002	Echt	201550	2	45.87	22.53	0	0	15.38	7.96	0	0	0	5	5					
['399989']	U101400002	Echt	201551	2	46.44	22.98	0	0	15.74	7.72	0	0	0	5	5					
['399989']	U101400002	Echt	201552	2	41.45	19.35	0	0	10.22	2.75	9.13	0	0	5	5					
['399989']	U101400002	Echt	201553	2	29.27	18.86	0	0	10.41	0	0	0	0	4	4					
['512298']	U101400002	Echt	201549	1	36.61	36.61	0	0	0	0	0	0	0	5	5					
['512298']	U101400002	Echt	201550	1	33.84	20.83	0	0	13.01	0	0	0	0	5	5					
['512298']	U101400002	Echt	201551	1	37.78	33.78	0	0	0	4	0	0	0	5	5					
['512298']	U101400002	Echt	201552	1	25.27	12.11	0	0	8.03	0	5.13	0	0	4	4					
['512298']	U101400002	Echt	201553	1	29.91	28.91	0	0	0	1	0	0	0	4	4					
['280145']	U101400002	Echt	201549	1	36.63	36.63	0	0	0	0	0	0	0	5	5					
['280145']	U101400002	Echt	201550	1	34.82	21.56	0	0	12.91	0.35	0	0	0	5	5					
['280145']	U101400002	Echt	201551	1	38.57	34.57	0	0	0	4	0	0	0	5	5					
['280145']	U101400002	Echt	201552	1	24.77	12.73	0	0	7.26	0	4.78	0	0	4	4					
['280145']	U101400002	Echt	201553	1	31.53	30.53	0	0	0	1	0	0	0	4	4					
['127284']	U101400002	Echt	201549	1	43.87	28.82	0	0	14.75	0.3	0	0	0	6	5					
['127284']	U101400002	Echt	201550	1	47.27	45.27	0	0	0	2	0	0	0	6	5					
['127284']	U101400002	Echt	201551	1	34.28	21.79	0	0	12.49	0	0	0	0	5	5					
['127284']	U101400002	Echt	201552	1	39.74	32.37	0	0	0	2	5.37	0	0	5	5					
['127284']	U101400002	Echt	201553	1	32.17	24.87	0	0	7.3	0	0	0	0	5	4					
['286776']	U101400002	Echt	201549	1	38.71	38.71	0	0	0	0	0	0	0	5	5					
['286776']	U101400002	Echt	201550	1	35.38	21.6	0	0	13.71	0.07	0	0	0	5	5					
['286776']	U101400002	Echt	201551	1	39.82	35.82	0	0	0	4	0	0	0	5	5					
['286776']	U101400002	Echt	201552	1	25.11	12.88	0	0	7.45	0	4.78	0	0	4	4					
['286776']	U101400002	Echt	201553	1	31.48	30.48	0	0	0	1	0	0	0	4	4					
['564457']	U101400002	Echt	201549	1	38.15	38.15	0	0	0	0	0	0	0	5	5					
['564457']	U101400002	Echt	201550	1	35.03	21.54	0	0	13.49	0	0	0	0	5	5					
['564457']	U101400002	Echt	201551	1	40.47	36.47	0	0	0	4	0	0	0	5	5					
['564457']	U101400002	Echt	201552	1	25.11	12.87	0	0	7.37	0	4.87	0	0	4	4					
['564457']	U101400002	Echt	201553	1	31.42	30.42	0	0	0	1	0	0	0	4	4					
['763654']	U101400002	Echt	201549	1	33.15	33.15	0	0	0	0	0	0	0	4	4					
['763654']	U101400002	Echt	201550	1	43.56	43.56	0	0	0	0	0	0	0	6	5					
['763654']	U101400002	Echt	201551	1	39	39	0	0	0	0	0	0	0	5	5					
['763654']	U101400002	Echt	201552	1	29.53	29.53	0	0	0	0	0	0	0	4	4					
['763654']	U101400002	Echt	201553	1	23.06	23.06	0	0	0	0	0	0	0	3	3					
['911135']	U101400002	Echt	201549	1	44.27	44.27	0	0	0	0	0	0	0	6	5					
['911135']	U101400002	Echt	201550	1	35.42	20.35	0	0	14.57	0.5	0	0	0	5	5					
['911135']	U101400002	Echt	201551	1	40.01	36.01	0	0	0	4	0	0	0	5	5					
['911135']	U101400002	Echt	201553	1	37.43	36.43	0	0	0	1	0	0	0	5	5					
['651203']	U101400002	Echt	201549	1	53.05	53.05	0.22	0	0	0	0	0	0	6	5					
['651203']	U101400002	Echt	201550	1	44.14	26.26	0	0	15.52	2.36	0	0	0	6	5					
['651203']	U101400002	Echt	201551	1	45.61	41.61	0	0	0	4	0	0	0	6	5					
['574921']	U101400002	Echt	201549	1	40.12	21.82	0	0	17.3	1	0	0	0	5	5					
['574921']	U101400002	Echt	201550	1	41.02	20.64	0	0	19.23	1.15	0	0	0	5	5					
['574921']	U101400002	Echt	201551	1	38.31	21.45	0	0	16.86	0	0	0	0	5	5					
['574921']	U101400002	Echt	201552	1	20.07	12.37	0	0	7.7	0	0	0	0	3	3					
['134817']	U101400002	Echt	201549	1	44.54	44.54	0	0	0	0	0	0	0	6	5					
['134817']	U101400002	Echt	201550	1	34.46	21.49	0	0	12.75	0.22	0	0	0	5	5					
['134817']	U101400002	Echt	201551	1	45.04	41.04	0	0	0	4	0	0	0	6	5					
['134817']	U101400002	Echt	201552	1	24.44	12.7	0	0	7.19	0	4.55	0	0	4	4					
['134817']	U101400002	Echt	201553	1	38.35	37.35	0	0	0	1	0	0	0	5	5					
['712097']	U101400002	Echt	201549	1	44.46	44.46	0	0	0	0	0	0	0	6	5					
['712097']	U101400002	Echt	201550	1	34.02	21.49	0	0	12.36	0.17	0	0	0	5	5					
['712097']	U101400002	Echt	201551	1	41.01	37.01	0	0	0	4	0	0	0	6	5					
['712097']	U101400002	Echt	201552	1	24	12.71	0	0	6.69	0	4.6	0	0	4	4					
['712097']	U101400002	Echt	201553	1	37.91	36.91	0	0	0	1	0	0	0	5	5					
['084656']	U101400002	Echt	201549	2	47.87	47.87	1.02	0	0	0	0	0	0	6	5					
['084656']	U101400002	Echt	201550	2	40.92	40.92	0	0	0	0	0	0	0	5	5					
['084656']	U101400002	Echt	201551	2	44	44	0	0	0	0	0	0	0	6	5					
['084656']	U101400002	Echt	201552	2	21.16	21.16	0	0	0	0	0	0	0	3	3					
['084656']	U101400002	Echt	201553	2	22.17	22.17	0	0	0	0	0	0	0	3	3					
['249679']	U101400002	Echt	201549	1	43.44	43.44	0.33	0	0	0	0	0	0	5	5					
['249679']	U101400002	Echt	201550	1	41.24	41.24	0.02	0	0	0	0	0	0	5	5					
['249679']	U101400002	Echt	201551	1	41.33	41.33	0.05	0	0	0	0	0	0	5	5					
['249679']	U101400002	Echt	201552	1	23.82	23.82	0	0	0	0	0	0	0	3	3					
['249679']	U101400002	Echt	201553	1	22.61	22.61	0	0	0	0	0	0	0	3	3					
['594554']	U101400002	Echt	201549	1	52.92	48.84	0	0	0	4.08	0	0	0	6	5					
['594554']	U101400002	Echt	201550	1	51.94	47.86	0	0	0	4.08	0	0	0	6	5					
['594554']	U101400002	Echt	201551	1	51.94	47.89	0	0	0	4.05	0	0	0	6	5					
['594554']	U101400002	Echt	201552	1	18.42	15.42	13.67	0	0	3	0	0	0	4	4					
['594554']	U101400002	Echt	201553	1	23.43	21.43	0	0	0	2	0	0	0	3	3					
['064801']	U101400002	Echt	201549	1	52.5	52.5	0.17	0	0	0	0	0	0	6	5					
['064801']	U101400002	Echt	201550	1	43.41	37.37	0	0	3.62	2.42	0	0	0	5	5					
['064801']	U101400002	Echt	201551	1	51.57	47.57	0	0	0	4	0	0	0	6	5					
['064801']	U101400002	Echt	201552	1	17.23	16.06	0	0	0	1.17	0	0	0	2	2					
['064801']	U101400002	Echt	201553	1	35.31	34.31	0	0	0	1	0	0	0	4	4					
['664282']	U101400002	Echt	201549	1	7.82	4.47	0	0	3.27	0.08	0	0	0	1	1					
['664282']	U101400002	Echt	201550	1	43.67	41.67	0	0	0	2	0	0	0	6	5					
['664282']	U101400002	Echt	201551	1	31.94	21.62	0	0	10.32	0	0	0	0	5	5					
['664282']	U101400002	Echt	201552	1	36.87	30.27	0	0	0	2	4.6	0	0	5	5					
['664282']	U101400002	Echt	201553	1	26.9	20.4	0	0	6.5	0	0	0	0	4	4					
['820257']	U101400002	Echt	201549	1	7.77	4.42	0	0	3.35	0	0	0	0	1	1					
['820257']	U101400002	Echt	201550	1	45.65	43.65	0	0	0	2	0	0	0	6	5					
['820257']	U101400002	Echt	201551	1	33.28	21.68	0	0	11.6	0	0	0	0	5	5					
['820257']	U101400002	Echt	201552	1	35.73	29.05	0	0	0	2	4.68	0	0	6	5					
['820257']	U101400002	Echt	201553	1	26	20.22	0	0	5.78	0	0	0	0	4	4					
['053915']	U101400002	Echt	201549	1	44.8	44.8	0.08	0	0	0	0	0	0	5	5					
['053915']	U101400002	Echt	201550	1	32.29	32.29	0	0	0	0	0	0	0	4	4					
['053915']	U101400002	Echt	201551	1	45.9	45.9	0	0	0	0	0	0	0	6	5					
['053915']	U101400002	Echt	201552	1	27.96	27.96	0	0	0	0	0	0	0	4	4					
['053915']	U101400002	Echt	201553	1	24.27	24.27	0	0	0	0	0	0	0	4	4					
['573731']	U101400002	Echt	201549	1	47.26	22.57	0	0	16.58	8.11	0	0	0	5	5					
['573731']	U101400002	Echt	201550	1	54.05	22.5	0	0	16.94	7.94	6.67	0	0	6	5					
['573731']	U101400002	Echt	201551	1	49.05	23.09	0	0	16.53	9.43	0	0	0	5	5					
['573731']	U101400002	Echt	201552	1	26.68	13.49	0	0	10.23	2.96	0	0	0	3	3					
['573731']	U101400002	Echt	201553	1	24.68	13.5	0	0	8.87	2.31	0	0	0	3	3					
['865432']	U101400002	Echt	201549	1	42.92	42.92	0	0	0	0	0	0	0	6	5					
['865432']	U101400002	Echt	201550	1	34.92	21.4	0	0	13.14	0.38	0	0	0	5	5					
['865432']	U101400002	Echt	201551	1	44.51	40.51	0	0	0	4	0	0	0	6	5					
['865432']	U101400002	Echt	201552	1	25.24	12.25	0	0	8.16	0	4.83	0	0	4	4					
['865432']	U101400002	Echt	201553	1	25.05	25.05	0	0	0	0	0	0	0	4	4					
['192193']	U101400002	Echt	201549	1	35.53	22.38	0	0	12.98	0.17	0	0	0	5	5					
['192193']	U101400002	Echt	201550	1	42.63	40.63	0	0	0	2	0	0	0	6	5					
['192193']	U101400002	Echt	201551	1	32.32	21.67	0	0	10.65	0	0	0	0	5	5					
['192193']	U101400002	Echt	201552	1	36.05	29.43	0	0	0	2	4.62	0	0	5	5					
['192193']	U101400002	Echt	201553	1	26.09	20.27	0	0	5.82	0	0	0	0	4	4					
['357517']	U101400002	Echt	201549	1	34.21	24.16	0	0	10.02	0.03	0	0	0	5	5					
['357517']	U101400002	Echt	201550	1	43.52	41.52	0	0	0	2	0	0	0	6	5					
['357517']	U101400002	Echt	201551	1	32.62	21.22	0	0	11.4	0	0	0	0	5	5					
['357517']	U101400002	Echt	201552	1	36.19	29.32	0	0	0	2	4.87	0	0	5	5					
['357517']	U101400002	Echt	201553	1	26.97	20.07	0	0	6.9	0	0	0	0	4	4					
['511271']	U101400002	Echt	201549	1	6.15	4.08	0	0	2.07	0	0	0	0	1	1					
['943001']	U101400002	Echt	201549	1	45.43	45.43	0	0	0	0	0	0	0	6	5					
['943001']	U101400002	Echt	201550	1	35.88	20.54	0	0	14.85	0.49	0	0	0	5	5					
['943001']	U101400002	Echt	201551	1	45.81	41.81	0	0	0	4	0	0	0	6	5					
['943001']	U101400002	Echt	201552	1	32.07	18.63	0	0	8.37	0	5.07	0	0	5	5					
['943001']	U101400002	Echt	201553	1	28.15	27.15	0	0	0	1	0	0	0	4	4					
['616949']	U101400002	Echt	201549	1	17.86	12.12	0	0	5.72	0.02	0	0	0	3	3					
['616949']	U101400002	Echt	201550	1	43.8	41.8	0	0	0	2	0	0	0	6	5					
['616949']	U101400002	Echt	201551	1	30.38	20.1	0	0	10.28	0	0	0	0	5	5					
['616949']	U101400002	Echt	201552	1	36.38	29.66	0	0	0	2	4.72	0	0	5	5					
['616949']	U101400002	Echt	201553	1	26.36	19.21	0	0	7.15	0	0	0	0	4	4					
['509356']	U101400002	Echt	201549	2	38.92	22.57	0	0	15.17	1.18	0	0	0	5	5					
['509356']	U101400002	Echt	201550	2	44.74	42.74	0	0	0	2	0	0	0	6	5					
['509356']	U101400002	Echt	201551	2	33.37	21.72	0	0	11.65	0	0	0	0	5	5					
['509356']	U101400002	Echt	201552	2	32.89	30.89	0	0	0	2	0	0	0	4	4					
['509356']	U101400002	Echt	201553	2	27.27	20.31	0	0	6.96	0	0	0	0	4	4					
['021796']	U101400002	Echt	201549	2	36.23	22.63	0	0	13.32	0.28	0	0	0	5	5					
['021796']	U101400002	Echt	201550	2	45.25	43.25	0	0	0	2	0	0	0	6	5					
['021796']	U101400002	Echt	201551	2	32.36	20.75	0	0	11.54	0.07	0	0	0	5	5					
['021796']	U101400002	Echt	201552	2	32.4	30.4	0	0	0	2	0	0	0	4	4					
['021796']	U101400002	Echt	201553	2	27.64	19.85	0	0	7.79	0	0	0	0	4	4					
['209563']	U101400002	Echt	201549	1	35.86	22.31	0	0	13.55	0	0	0	0	5	5					
['209563']	U101400002	Echt	201550	1	44.15	42.15	0	0	0	2	0	0	0	6	5					
['209563']	U101400002	Echt	201551	1	32.01	21.8	0	0	10.21	0	0	0	0	5	5					
['209563']	U101400002	Echt	201552	1	36.74	30.19	0	0	0	2	4.55	0	0	5	5					
['209563']	U101400002	Echt	201553	1	29.72	23.17	0	0	6.55	0	0	0	0	5	5					
['051378']	U101400002	Echt	201550	1	41.7	41.7	0	0	0	0	0	0	0	6	5					
['051378']	U101400002	Echt	201551	1	37.98	37.98	0	0	0	0	0	0	0	5	5					
['051378']	U101400002	Echt	201552	1	31.87	31.87	0.37	0	0	0	0	0	0	4	4					
['051378']	U101400002	Echt	201553	1	28.89	28.89	0	0	0	0	0	0	0	4	4					
['291378']	U101400002	Echt	201549	1	29.9	29.9	0	0	0	0	0	0	0	4	4					
['291378']	U101400002	Echt	201550	1	31.41	21.24	0	0	9.75	0.42	0	0	0	5	5					
['291378']	U101400002	Echt	201551	1	25.16	22.16	0	0	0	3	0	0	0	3	3					
['250577']	U101400002	Echt	201549	1	52.32	28.06	0	0	16.46	7.8	0	0	0	6	5					
['250577']	U101400002	Echt	201550	1	52.23	5	0	0	18.01	22.62	6.6	0	0	6	5					
['250577']	U101400002	Echt	201551	1	42.68	0	0	0	17.58	25.1	0	0	0	5	5					
['041764']	U101400002	Echt	201549	1	42.12	42.12	0	0	0	0	0	0	0	6	5					
['041764']	U101400002	Echt	201550	1	37.52	23.9	0	0	13.45	0.17	0	0	0	6	5					
['041764']	U101400002	Echt	201551	1	38.89	34.89	0	0	0	4	0	0	0	5	5					
['935465']	U101400002	Echt	201549	1	42.54	42.54	0	0	0	0	0	0	0	6	5					
['935465']	U101400002	Echt	201550	1	33.12	20.22	0	0	12.9	0	0	0	0	5	5					
['935465']	U101400002	Echt	201551	1	35.62	31.62	0	0	0	4	0	0	0	5	5					
['118466']	U101400002	Echt	201549	1	42.53	42.53	0	0	0	0	0	0	0	6	5					
['118466']	U101400002	Echt	201550	1	32.94	20.27	0	0	12.67	0	0	0	0	5	5					
['118466']	U101400002	Echt	201551	1	37.75	33.75	0	0	0	4	0	0	0	5	5					
['174018']	U101400002	Echt	201549	1	42.3	42.3	0.12	0	0	0	0	0	0	5	5					
['174018']	U101400002	Echt	201550	1	43.05	41.05	0	0	0	2	0	0	0	5	5					
['174018']	U101400002	Echt	201551	1	37.38	23.14	0	0	13.76	0.48	0	0	0	5	5					
['174018']	U101400002	Echt	201552	1	8.15	7.15	0	0	0	1	0	0	0	1	1					
['416705']	U101400002	Echt	201549	1	42.67	23.49	0	0	13.16	6.02	0	0	0	5	5					
['416705']	U101400002	Echt	201550	1	58.59	27.01	0	0	16.9	8.05	6.63	0	0	7	5					
['416705']	U101400002	Echt	201551	1	48.89	23.03	0	0	16.37	9.49	0	0	0	5	5					
['416705']	U101400002	Echt	201552	1	0.33	0.33	0	0	0	0	0	0	0	1	1					
['676140']	U101400002	Echt	201549	1	55.39	51.34	0	0	0	4.05	0	0	0	6	5					
['676140']	U101400002	Echt	201550	1	54.2	45.33	0.07	0	0	2.15	6.72	0	0	6	5					
['676140']	U101400002	Echt	201551	1	42.01	38.43	0	0	0	3.58	0	0	0	5	5					
['676140']	U101400002	Echt	201552	1	17.87	6.77	0	0	0	2	9.1	0	0	3	3					
['676140']	U101400002	Echt	201553	1	38.2	35.2	0.08	0	0	3	0	0	0	5	5					
['499145']	U101400002	Echt	201549	1	29.74	17.96	0	0	11.55	0.23	0	0	0	4	4					
['499145']	U101400002	Echt	201550	1	42.84	40.84	0	0	0	2	0	0	0	6	5					
['499145']	U101400002	Echt	201551	1	19.43	13.32	0	0	6.11	0	0	0	0	3	3					
['922285']	U101400002	Echt	201549	2	45.69	45.69	0	0	0	0	0	0	0	6	5					
['922285']	U101400002	Echt	201550	2	27.07	17.04	0	0	9.9	0.13	0	0	0	4	4					
['402094']	U101400002	Echt	201549	2	46.45	46.45	0	0	0	0	0	0	0	6	5					
['402094']	U101400002	Echt	201550	2	27.62	17.1	0	0	10.42	0.1	0	0	0	4	4					
['827843']	U101400002	Echt	201549	1	28.93	17.93	0	0	10.97	0.03	0	0	0	4	4					
['827843']	U101400002	Echt	201550	1	42.36	40.36	0	0	0	2	0	0	0	6	5					
['827843']	U101400002	Echt	201551	1	18.99	13.32	0	0	5.67	0	0	0	0	3	3					
['145933']	U101400002	Echt	201549	1	14.21	8.83	0	0	5.26	0.12	0	0	0	2	2					
['145933']	U101400002	Echt	201550	1	37.06	35.06	0	0	0	2	0	0	0	5	5					
['145933']	U101400002	Echt	201551	1	32.48	21.09	0	0	11.39	0	0	0	0	5	5					
['145933']	U101400002	Echt	201552	1	37.12	31.47	0	0	0	1	4.65	0	0	5	5					
['145933']	U101400002	Echt	201553	1	32.17	26	0	0	6.17	0	0	0	0	5	4					
['110584']	U101400002	Echt	201549	2	47.56	22.75	0	0	16.98	7.83	0	0	0	5	5					
['110584']	U101400002	Echt	201550	2	54.32	22.79	0	0	17.08	7.75	6.7	0	0	6	5					
['110584']	U101400002	Echt	201551	2	47.56	23.15	0	0	17.38	7.03	0	0	0	5	5					
['110584']	U101400002	Echt	201553	2	31.52	18.97	0	0	10.35	2.2	0	0	0	4	4					
['519562']	U101400002	Echt	201549	1	52.88	28.14	0	0	17.24	7.5	0	0	0	6	5					
['519562']	U101400002	Echt	201550	1	41.36	22.18	0	0	13.11	6.07	0	0	0	5	5					
['519562']	U101400002	Echt	201551	1	33.71	18.52	0	0	10.02	5.17	0	0	0	4	4					
['519562']	U101400002	Echt	201552	1	41.29	17.64	0	0	9.95	4.97	8.73	0	0	5	5					
['519562']	U101400002	Echt	201553	1	40.12	27.96	0	0	9.97	2.19	0	0	0	5	5					
['542444']	U101400002	Echt	201549	1	43.99	43.99	0	0	0	0	0	0	0	6	5					
['542444']	U101400002	Echt	201550	1	28.88	17.38	0	0	11.12	0.38	0	0	0	4	4					
['740260']	U101400002	Echt	201549	1	31.04	17.96	0	0	12.58	0.5	0	0	0	4	4					
['740260']	U101400002	Echt	201550	1	17.15	16.15	0	0	0	1	0	0	0	3	3					
['090644']	U101400002	Echt	201549	1	29.13	17.5	0	0	11.03	0.6	0	0	0	4	4					
['090644']	U101400002	Echt	201550	1	43.59	41.67	0	0	0	1.92	0	0	0	6	5					
['090644']	U101400002	Echt	201551	1	32.19	20.7	0	0	11.49	0	0	0	0	5	5					
['090644']	U101400002	Echt	201552	1	36.01	29.68	0	0	0	2	4.33	0	0	5	5					
['090644']	U101400002	Echt	201553	1	26.13	19.2	0	0	6.93	0	0	0	0	4	4					
['832988']	U101400002	Echt	201549	1	45.01	45.01	0	0	0	0	0	0	0	6	5					
['832988']	U101400002	Echt	201550	1	35.03	21.23	0	0	13.42	0.38	0	0	0	5	5					
['832988']	U101400002	Echt	201551	1	43.92	39.92	0	0	0	4	0	0	0	6	5					
['832988']	U101400002	Echt	201552	1	19.31	12.54	0	0	6.77	0	0	0	0	3	3					
['832988']	U101400002	Echt	201553	1	37.84	36.84	0	0	0	1	0	0	0	5	5					
['823072']	U101400002	Echt	201549	1	45.76	45.61	0	0	0	0.15	0	0	0	6	5					
['823072']	U101400002	Echt	201550	1	48.96	46.77	0	0	0	2.19	0	0	0	6	5					
['823072']	U101400002	Echt	201551	1	51.12	47.05	0	0	0	4.07	0	0	0	6	5					
['823072']	U101400002	Echt	201552	1	21.62	20.57	3.8	0	0	1.05	0	0	0	3	3					
['427306']	U101400002	Echt	201549	1	37.02	37.02	0	0	0	0	0	0	0	5	5					
['427306']	U101400002	Echt	201550	1	34.84	34.84	0	0	0	0	0	0	0	5	5					
['520720']	U101400002	Echt	201549	1	47.55	47.55	0	0	0	0	0	0	0	6	5					
['520720']	U101400002	Echt	201551	1	45.3	41.3	0	0	0	4	0	0	0	6	5					
['656736']	U101400002	Echt	201549	1	41.67	41.67	0.32	0	0	0	0	0	0	5	5					
['656736']	U101400002	Echt	201550	1	18.28	18.28	0	0	0	0	0	0	0	3	3					
['587088']	U101400002	Echt	201549	1	35.27	21.93	0	0	12.78	0.56	0	0	0	5	5					
['587088']	U101400002	Echt	201550	1	44.73	42.73	0	0	0	2	0	0	0	6	5					
['587088']	U101400002	Echt	201551	1	41.04	28.38	0	0	12.66	0	0	0	0	6	5					
['587088']	U101400002	Echt	201552	1	37.34	30.64	0	0	0	2	4.7	0	0	5	5					
['587088']	U101400002	Echt	201553	1	26.48	19.09	0	0	7.39	0	0	0	0	4	4					
['357974']	U101400002	Echt	201549	1	44.71	44.71	0	0	0	0	0	0	0	6	5					
['357974']	U101400002	Echt	201550	1	27.42	16.46	0	0	10.41	0.55	0	0	0	4	4					
['219494']	U101400002	Echt	201549	1	46.92	22.42	0	0	17.03	7.47	0	0	0	5	5					
['219494']	U101400002	Echt	201550	1	44.42	4.58	0	0	17.21	22.63	0	0	0	5	5					
['219494']	U101400002	Echt	201551	1	43.81	2.56	0	0	17.31	23.94	0	0	0	5	5					
['219494']	U101400002	Echt	201552	1	41.79	19.12	0	0	9.97	3.87	8.83	0	0	5	5					
['219494']	U101400002	Echt	201553	1	30.54	18.62	0	0	9.75	2.17	0	0	0	4	4					
['895625']	U101400002	Echt	201549	1	29.42	15.38	0	0	10.12	3.92	0	0	0	4	4					
['895625']	U101400002	Echt	201550	1	1.43	1.43	0	0	0	0	0	0	0	1	1					
['019980']	U101400002	Echt	201549	1	44.75	44.75	0	0	0	0	0	0	0	5	5					
['019980']	U101400002	Echt	201550	1	34.68	34.68	0	0	0	0	0	0	0	4	4					
['019980']	U101400002	Echt	201551	1	19.62	19.62	0	0	0	0	0	0	0	3	3					
['019980']	U101400002	Echt	201552	1	32.72	32.72	0.28	0	0	0	0	0	0	4	4					
['019980']	U101400002	Echt	201553	1	25.77	25.77	0	0	0	0	0	0	0	4	4					
['078505']	U101400002	Echt	201549	2	39.62	18.08	0	0	18.03	3.51	0	0	0	5	5					
['078505']	U101400002	Echt	201550	2	35.23	16.8	0	0	14.85	3.58	0	0	0	6	5					
['078505']	U101400002	Echt	201551	2	29.24	14.76	0	0	12.58	1.9	0	0	0	5	5					
['078505']	U101400002	Echt	201552	2	22.54	13.69	0	0	8.1	0.75	0	0	0	4	4					
['078505']	U101400002	Echt	201553	2	23.34	15.51	0	0	7.83	0	0	0	0	4	4					
['430475']	U101400002	Echt	201549	1	36.88	36.88	0	0	0	0	0	0	0	5	5					
['430475']	U101400002	Echt	201550	1	20.21	12.68	0	0	7.53	0	0	0	0	3	3					
['430475']	U101400002	Echt	201551	1	44.74	40.74	0	0	0	4	0	0	0	6	5					
['430475']	U101400002	Echt	201552	1	12.76	7.38	0	0	5.38	0	0	0	0	2	2					
['430475']	U101400002	Echt	201553	1	33.19	33.19	0	0	0	0	0	0	0	5	5					
['280127']	U101400002	Echt	201549	1	49.16	49.16	0.25	0	0	0	0	0	0	6	5					
['280127']	U101400002	Echt	201550	1	42.68	26.18	0	0	16	0.5	0	0	0	6	5					
['280127']	U101400002	Echt	201551	1	13.35	13.35	0	0	0	0	0	0	0	2	2					
['280127']	U101400002	Echt	201552	1	33.24	19.91	0	0	7.85	0	5.48	0	0	5	5					
['280127']	U101400002	Echt	201553	1	42.4	40.87	0.97	0	0	1.53	0	0	0	5	5					
['660569']	U101400002	Echt	201549	1	39.49	39.49	0	0	0	0	0	0	0	6	5					
['660569']	U101400002	Echt	201550	1	15.84	11.92	0	0	3.75	0.17	0	0	0	3	3					
['660569']	U101400002	Echt	201551	1	10.5	8.5	0	0	0	2	0	0	0	2	2					
['660569']	U101400002	Echt	201552	1	19.35	11.71	0	0	7.64	0	0	0	0	3	3					
['660569']	U101400002	Echt	201553	1	23.33	21.88	0	0	1.45	0	0	0	0	4	4					
['260105']	U101400002	Echt	201549	1	43	28.01	0	0	14.51	0.48	0	0	0	6	5					
['260105']	U101400002	Echt	201550	1	28.27	26.27	0	0	0	2	0	0	0	4	4					
['153240']	U101400002	Echt	201549	1	42.74	27.94	0	0	14.33	0.47	0	0	0	6	5					
['153240']	U101400002	Echt	201550	1	28.3	26.3	0	0	0	2	0	0	0	4	4					
['497396']	U101400002	Echt	201549	1	45.83	45.83	0	0	0	0	0	0	0	6	5					
['497396']	U101400002	Echt	201550	1	34.69	21.63	0	0	12.88	0.18	0	0	0	5	5					
['497396']	U101400002	Echt	201551	1	43.36	39.36	0	0	0	4	0	0	0	6	5					
['497396']	U101400002	Echt	201552	1	24.98	12.88	0	0	7.52	0	4.58	0	0	4	4					
['497396']	U101400002	Echt	201553	1	37.8	36.8	0	0	0	1	0	0	0	5	5					
['272120']	U101400002	Echt	201549	1	49.89	49.89	0	0	0	0	0	0	0	6	5					
['272120']	U101400002	Echt	201550	1	36.67	21.79	0	0	14.88	0	0	0	0	5	5					
['272120']	U101400002	Echt	201551	1	44.33	40.33	0	0	0	4	0	0	0	6	5					
['272120']	U101400002	Echt	201552	1	25.22	12.83	0	0	7.79	0	4.6	0	0	4	4					
['272120']	U101400002	Echt	201553	1	7	7	0	0	0	0	0	0	0	1	1					
['404008']	U101400002	Echt	201549	1	15.81	15.81	0	0	0	0	0	0	0	2	2					
['404008']	U101400002	Echt	201550	1	39.25	21.61	0	0	16.39	1.25	0	0	0	5	5					
['404008']	U101400002	Echt	201552	1	23.54	13.67	0	0	9.5	0.37	0	0	0	3	3					
['404008']	U101400002	Echt	201553	1	19.59	14.7	0	0	4.89	0	0	0	0	3	3					
['024921']	U101400002	Echt	201549	1	40.13	24.28	0	0	11.66	4.19	0	0	0	6	5					
['024921']	U101400002	Echt	201550	1	36.91	19.05	0	0	14.02	3.84	0	0	0	6	5					
['024921']	U101400002	Echt	201551	1	31.45	15.22	0	0	14.45	1.78	0	0	0	5	5					
['024921']	U101400002	Echt	201552	1	21.16	12.22	0	0	8.19	0.75	0	0	0	4	4					
['024921']	U101400002	Echt	201553	1	16.75	10.63	0	0	6.12	0	0	0	0	3	3					
['756482']	U101400002	Echt	201549	1	43.47	24.13	0	0	13.9	5.44	0	0	0	6	5					
['756482']	U101400002	Echt	201550	1	37.14	17.01	0	0	15.84	4.29	0	0	0	6	5					
['756482']	U101400002	Echt	201551	1	36.51	19.53	0	0	14.56	2.42	0	0	0	6	5					
['756482']	U101400002	Echt	201552	1	21.15	12.34	0	0	8.31	0.5	0	0	0	4	4					
['756482']	U101400002	Echt	201553	1	31.41	22.58	0	0	7.28	1.55	0	0	0	5	5					
['653347']	U101400002	Echt	201549	1	44.01	24.71	0	0	13.88	5.42	0	0	0	6	5					
['653347']	U101400002	Echt	201550	1	27.46	10.9	0	0	12.54	4.02	0	0	0	5	5					
['653347']	U101400002	Echt	201551	1	36.49	19.62	0	0	14.49	2.38	0	0	0	6	5					
['653347']	U101400002	Echt	201552	1	24.97	12.3	0	0	8.3	0.5	3.87	0	0	5	5					
['653347']	U101400002	Echt	201553	1	21.75	15.6	0	0	6.15	0	0	0	0	4	4					
['322906']	U101400002	Echt	201549	1	51.09	51.09	0.15	0	0	0	0	0	0	6	5					
['322906']	U101400002	Echt	201550	1	43.32	43.3	0	0	0	0.02	0	0	0	6	5					
['322906']	U101400002	Echt	201551	1	40.37	40.37	0	0	0	0	0	0	0	5	5					
['322906']	U101400002	Echt	201552	1	25.23	25.23	6.07	0	0	0	0	0	0	4	4					
['322906']	U101400002	Echt	201553	1	33.49	33.49	0	0	0	0	0	0	0	5	4					
['620752']	U101400002	Echt	201549	1	14.55	14.55	0	0	0	0	0	0	0	2	2					
['010457']	U101400002	Echt	201549	1	36.53	22.64	0	0	13.89	0	0	0	0	5	5					
['010457']	U101400002	Echt	201550	3	47.06	45.06	0	0	0	2	0	0	0	6	5					
['010457']	U101400002	Echt	201551	3	33.39	21.05	0	0	12.34	0	0	0	0	5	5					
['010457']	U101400002	Echt	201552	3	32.36	30.39	0	0	0	1.97	0	0	0	4	4					
['010457']	U101400002	Echt	201553	3	7.6	7.6	0	0	0	0	0	0	0	1	1					
['373734']	U101400002	Echt	201549	1	45.33	45.33	0	0	0	0	0	0	0	6	5					
['373734']	U101400002	Echt	201550	1	35.72	21.67	0	0	13.53	0.52	0	0	0	5	5					
['373734']	U101400002	Echt	201551	1	45.65	41.65	0	0	0	4	0	0	0	6	5					
['373734']	U101400002	Echt	201552	1	29.72	18.79	0	0	6.65	0	4.28	0	0	5	5					
['373734']	U101400002	Echt	201553	1	36.9	35.9	0	0	0	1	0	0	0	5	5					
['329318']	U101400002	Echt	201549	1	41.09	41.09	0	0	0	0	0	0	0	6	5					
['329318']	U101400002	Echt	201550	1	36.45	21.81	0	0	14.09	0.55	0	0	0	5	5					
['329318']	U101400002	Echt	201551	1	43.17	39.17	0	0	0	4	0	0	0	6	5					
['329318']	U101400002	Echt	201552	1	30.43	18.75	0	0	7.43	0	4.25	0	0	5	5					
['329318']	U101400002	Echt	201553	1	37.02	36.02	0	0	0	1	0	0	0	5	5					
['291571']	U101400002	Echt	201549	1	28.66	28.66	0	0	0	0	0	0	0	4	4					
['291571']	U101400002	Echt	201550	1	32.22	32.22	0	0	0	0	0	0	0	4	4					
['291571']	U101400002	Echt	201551	1	47.72	47.72	0	0	0	0	0	0	0	6	5					
['291571']	U101400002	Echt	201552	1	23.59	23.59	0.7	0	0	0	0	0	0	3	3					
['291571']	U101400002	Echt	201553	1	21.84	21.84	0	0	0	0	0	0	0	3	3					
['517834']	U101400002	Echt	201549	1	48.36	31.84	0	0	15.52	1	0	0	0	6	5					
['517834']	U101400002	Echt	201550	1	46.73	44.57	0	0	0	2.16	0	0	0	6	5					
['517834']	U101400002	Echt	201551	1	48.34	44.14	0	0	0	4.2	0	0	0	6	5					
['517834']	U101400002	Echt	201552	1	25.13	24.05	0	0	0	1.08	0	0	0	3	3					
['517834']	U101400002	Echt	201553	1	24.06	24	0	0	0	0.06	0	0	0	3	3					
['218043']	U101400002	Echt	201549	1	45.8	45.8	0	0	0	0	0	0	0	6	5					
['218043']	U101400002	Echt	201550	1	35.08	21.29	0	0	13.79	0	0	0	0	5	5					
['218043']	U101400002	Echt	201551	1	46.03	42.03	0	0	0	4	0	0	0	6	5					
['218043']	U101400002	Echt	201552	1	30.79	18.87	0	0	7.4	0	4.52	0	0	5	5					
['218043']	U101400002	Echt	201553	1	38.47	37.47	0	0	0	1	0	0	0	5	4					
['874605']	U101400002	Echt	201549	1	47.99	47.99	0	0	0	0	0	0	0	6	5					
['874605']	U101400002	Echt	201550	1	36.95	21.43	0	0	15.3	0.22	0	0	0	5	5					
['874605']	U101400002	Echt	201551	1	47.05	43.05	0	0	0	4	0	0	0	6	5					
['874605']	U101400002	Echt	201552	1	14.92	8.52	0	0	6.4	0	0	0	0	2	2					
['874605']	U101400002	Echt	201553	1	32.82	31.82	0	0	0	1	0	0	0	4	4					
['329182']	U101400002	Echt	201549	1	42.87	29.07	0	0	13.28	0.52	0	0	0	6	5					
['329182']	U101400002	Echt	201550	1	16.25	15.25	0	0	0	1	0	0	0	2	2					
['362630']	U101400002	Echt	201549	1	43.63	28.63	0	0	14.5	0.5	0	0	0	6	5					
['362630']	U101400002	Echt	201550	1	15.08	14.08	0	0	0	1	0	0	0	2	2					
['743776']	U101400002	Echt	201549	1	33.56	33.56	0	0	0	0	0	0	0	5	5					
['743776']	U101400002	Echt	201550	1	33.23	20.42	0	0	12.74	0.07	0	0	0	5	5					
['743776']	U101400002	Echt	201551	1	43.48	40.48	0	0	0	3	0	0	0	6	5					
['743776']	U101400002	Echt	201552	1	19.3	11.74	0	0	7.56	0	0	0	0	3	3					
['743776']	U101400002	Echt	201553	1	21.43	21.43	0	0	0	0	0	0	0	3	3					
['601989']	U101400002	Echt	201549	2	46.51	46.51	0	0	0	0	0	0	0	6	5					
['601989']	U101400002	Echt	201550	2	39.26	37.26	0	0	0	2	0	0	0	5	5					
['601989']	U101400002	Echt	201551	2	33.62	21.8	0	0	11.65	0.17	0	0	0	5	5					
['601989']	U101400002	Echt	201552	2	33.86	31.86	0	0	0	2	0	0	0	4	4					
['601989']	U101400002	Echt	201553	2	27.29	20.11	0	0	7.18	0	0	0	0	4	4					
['890337']	U101400002	Echt	201549	2	30.08	30.08	0	0	0	0	0	0	0	4	4					
['576454']	U101400002	Echt	201549	2	41.38	22.45	0	0	17.93	1	0	0	0	5	5					
['576454']	U101400002	Echt	201550	2	8.88	7.8	0	0	0	1.08	0	0	0	1	1					
['354065']	U101400002	Echt	201549	1	39.69	39.69	0	0	0	0	0	0	0	6	5					
['354065']	U101400002	Echt	201550	1	35.55	21.22	0	0	14.16	0.17	0	0	0	5	5					
['354065']	U101400002	Echt	201551	1	39.51	35.51	0	0	0	4	0	0	0	6	5					
['354065']	U101400002	Echt	201552	1	20.43	12.88	0	0	7.55	0	0	0	0	3	3					
['354065']	U101400002	Echt	201553	1	30.62	29.62	0	0	0	1	0	0	0	4	4					
['605536']	U101400002	Echt	201549	1	36.43	22.6	0	0	13.22	0.61	0	0	0	5	5					
['605536']	U101400002	Echt	201550	1	37.34	36.34	0	0	0	1	0	0	0	5	5					
['605536']	U101400002	Echt	201551	1	26.04	17.1	0	0	8.94	0	0	0	0	4	4					
['605536']	U101400002	Echt	201552	1	22.88	18.36	0	0	0	0	4.52	0	0	4	4					
['605536']	U101400002	Echt	201553	1	19.23	12.41	0	0	6.82	0	0	0	0	3	3					
['075844']	U101400002	Echt	201549	1	47.08	47.08	0	0	0	0	0	0	0	6	5					
['075844']	U101400002	Echt	201550	1	37.15	21.71	0	0	14.84	0.6	0	0	0	5	5					
['075844']	U101400002	Echt	201551	1	43.28	39.28	0	0	0	4	0	0	0	6	5					
['075844']	U101400002	Echt	201552	1	26.73	18.59	0	0	8.14	0	0	0	0	4	4					
['075844']	U101400002	Echt	201553	1	1.65	1.65	0	0	0	0	0	0	0	1	1					
['656524']	U101400002	Echt	201549	1	36.26	22.7	0	0	12.9	0.66	0	0	0	5	5					
['656524']	U101400002	Echt	201550	1	46.29	44.29	0	0	0	2	0	0	0	6	5					
['656524']	U101400002	Echt	201551	1	26.19	16.97	0	0	9.22	0	0	0	0	4	4					
['656524']	U101400002	Echt	201552	1	27.58	26.58	0	0	0	1	0	0	0	4	4					
['656524']	U101400002	Echt	201553	1	20.12	16.27	0	0	3.85	0	0	0	0	3	3					
['743900']	U101400002	Echt	201549	1	37.08	22.25	0	0	14.28	0.55	0	0	0	5	5					
['743900']	U101400002	Echt	201550	1	47.64	45.64	0	0	0	2	0	0	0	6	5					
['743900']	U101400002	Echt	201551	1	35.42	22.27	0	0	12.4	0.75	0	0	0	5	5					
['743900']	U101400002	Echt	201552	1	25.07	23.97	0	0	0	1.1	0	0	0	3	3					
['743900']	U101400002	Echt	201553	1	27.62	20.77	0	0	6.85	0	0	0	0	4	4					
['143134']	U101400002	Echt	201549	1	42.65	42.5	0	0	0	0.15	0	0	0	6	5					
['143134']	U101400002	Echt	201550	1	28.32	26.11	0	0	0	2.21	0	0	0	4	4					
['844387']	U101400002	Echt	201549	1	28.73	28.6	0	0	0	0.13	0	0	0	4	3					
['844387']	U101400002	Echt	201550	1	44.9	27.1	0	0	16.55	1.25	0	0	0	6	5					
['844387']	U101400002	Echt	201551	1	37.92	24.33	0	0	13.51	0.08	0	0	0	6	5					
['844387']	U101400002	Echt	201552	1	26.85	13.08	0	0	7.87	0	5.9	0	0	5	5					
['844387']	U101400002	Echt	201553	1	28.63	27.5	0	0	0	1.13	0	0	0	4	4					
['549358']	U101400002	Echt	201549	1	36.88	23.16	0	0	13.34	0.38	0	0	0	5	5					
['549358']	U101400002	Echt	201550	1	39.11	37.11	0	0	0	2	0	0	0	5	5					
['549358']	U101400002	Echt	201551	1	34.47	22.23	0	0	12.24	0	0	0	0	5	5					
['549358']	U101400002	Echt	201552	1	33.24	31.24	0	0	0	2	0	0	0	4	4					
['549358']	U101400002	Echt	201553	1	19.64	12.93	0	0	6.71	0	0	0	0	3	3					
['803553']	U101400002	Echt	201549	1	45.19	45.19	0	0	0	0	0	0	0	6	5					
['803553']	U101400002	Echt	201550	1	36	21.91	0	0	13.81	0.28	0	0	0	5	5					
['803553']	U101400002	Echt	201551	1	45.91	41.91	0	0	0	4	0	0	0	6	5					
['803553']	U101400002	Echt	201552	1	31.91	19.32	0	0	8.04	0	4.55	0	0	5	5					
['803553']	U101400002	Echt	201553	1	24.75	24.75	0	0	0	0	0	0	0	4	4					
['262300']	U101400002	Echt	201549	2	36.59	24.34	0	0	12.25	0	0	0	0	6	5					
['262300']	U101400002	Echt	201550	2	39.55	19.35	0	0	17.9	2.3	0	0	0	5	5					
['262300']	U101400002	Echt	201551	2	5.52	3.4	0	0	2.12	0	0	0	0	1	1					
['737423']	U101400002	Echt	201549	1	49.81	31.23	0	0	17.36	1.22	0	0	0	6	5					
['737423']	U101400002	Echt	201550	1	47.86	45.73	0	0	0	2.13	0	0	0	6	5					
['737423']	U101400002	Echt	201551	1	49.65	45.52	0	0	0	4.13	0	0	0	6	5					
['737423']	U101400002	Echt	201552	1	25.19	16.22	0	0	7.95	1.02	0	0	0	3	3					
['737423']	U101400002	Echt	201553	1	35.13	26.16	0	0	8.75	0.22	0	0	0	5	4					
['220210']	U101400002	Echt	201549	1	42.96	22.92	0	0	14.31	5.73	0	0	0	6	5					
['220210']	U101400002	Echt	201550	1	38.16	19.75	0	0	14.37	4.04	0	0	0	6	5					
['220210']	U101400002	Echt	201551	1	26.52	14.64	0	0	10.07	1.81	0	0	0	4	4					
['928942']	U101400002	Echt	201549	1	21.95	8.95	0	0	10.5	2.5	0	0	0	3	3					
['541016']	U101400002	Echt	201549	1	38.97	38.97	0	0	0	0	0	0	0	5	5					
['541016']	U101400002	Echt	201550	1	36.22	21.94	0	0	13.83	0.45	0	0	0	5	5					
['541016']	U101400002	Echt	201551	1	34	30	0	0	0	4	0	0	0	4	4					
['174239']	U101400002	Echt	201549	1	38.1	38.1	0	0	0	0	0	0	0	5	5					
['174239']	U101400002	Echt	201550	1	35.53	21.85	0	0	13.68	0	0	0	0	5	5					
['174239']	U101400002	Echt	201551	1	34.46	30.46	0	0	0	4	0	0	0	4	4					
['744163']	U101400002	Echt	201549	1	45.9	45.9	0	0	0	0	0	0	0	6	5					
['744163']	U101400002	Echt	201550	1	36.2	21.77	0	0	14.18	0.25	0	0	0	5	5					
['744163']	U101400002	Echt	201551	1	47.12	43.12	0	0	0	4	0	0	0	6	5					
['744163']	U101400002	Echt	201552	1	21.46	12.88	0	0	8.51	0.07	0	0	0	3	3					
['744163']	U101400002	Echt	201553	1	31.89	30.89	0	0	0	1	0	0	0	4	4					
['385422']	U101400002	Echt	201549	1	46.2	46.2	0	0	0	0	0	0	0	6	5					
['385422']	U101400002	Echt	201550	1	35.93	21.7	0	0	14.23	0	0	0	0	5	5					
['385422']	U101400002	Echt	201551	1	47.74	43.74	0	0	0	4	0	0	0	6	5					
['385422']	U101400002	Echt	201552	1	20.06	12.85	0	0	7.21	0	0	0	0	3	3					
['385422']	U101400002	Echt	201553	1	31.85	30.85	0	0	0	1	0	0	0	4	4					
['418245']	U101400002	Echt	201549	1	55.79	55.79	2.31	0	0	0	0	0	0	6	5					
['418245']	U101400002	Echt	201550	1	43.22	27.63	0	0	15.57	0.02	0	0	0	6	5					
['418245']	U101400002	Echt	201551	1	48.93	44.93	0	0	0	4	0	0	0	6	5					
['418245']	U101400002	Echt	201552	1	28.57	19.43	0	0	8.94	0.2	0	0	0	4	4					
['418245']	U101400002	Echt	201553	1	35.36	35.36	0	0	0	0	0	0	0	5	5					
['147871']	U101400002	Echt	201549	1	37.16	22.57	0	0	14.26	0.33	0	0	0	5	5					
['147871']	U101400002	Echt	201550	1	40.13	38.13	0	0	0	2	0	0	0	5	5					
['147871']	U101400002	Echt	201551	1	32.64	21.81	0	0	10.83	0	0	0	0	5	5					
['147871']	U101400002	Echt	201552	1	33.12	31.12	0	0	0	2	0	0	0	4	4					
['147871']	U101400002	Echt	201553	1	19.7	12.74	0	0	6.96	0	0	0	0	3	3					
['333452']	U101400002	Echt	201549	1	36.18	22.6	0	0	13.3	0.28	0	0	0	5	5					
['333452']	U101400002	Echt	201550	1	39.15	37.15	0	0	0	2	0	0	0	5	5					
['333452']	U101400002	Echt	201551	1	32.6	21.79	0	0	10.81	0	0	0	0	5	5					
['333452']	U101400002	Echt	201552	1	32.65	30.65	0	0	0	2	0	0	0	4	4					
['333452']	U101400002	Echt	201553	1	19.31	12.68	0	0	6.63	0	0	0	0	3	3					
['344353']	U101400002	Echt	201549	1	46.22	46.22	0	0	0	0	0	0	0	6	5					
['344353']	U101400002	Echt	201550	1	34.33	21.83	0	0	12.5	0	0	0	0	5	5					
['344353']	U101400002	Echt	201551	1	45.11	41.11	0	0	0	4	0	0	0	6	5					
['344353']	U101400002	Echt	201552	1	20.54	12.81	0	0	7.73	0	0	0	0	3	3					
['344353']	U101400002	Echt	201553	1	24.61	24.61	0	0	0	0	0	0	0	4	4					
['535964']	U101400002	Echt	201549	1	48.87	48.87	0	0	0	0	0	0	0	6	5					
['535964']	U101400002	Echt	201550	1	35.29	21.92	0	0	13.37	0	0	0	0	5	5					
['535964']	U101400002	Echt	201551	1	39.63	35.63	0	0	0	4	0	0	0	5	5					
['535964']	U101400002	Echt	201552	1	20.6	12.87	0	0	7.56	0.17	0	0	0	3	3					
['535964']	U101400002	Echt	201553	1	34.08	34.08	0	0	0	0	0	0	0	5	4					
['491433']	U101400002	Echt	201549	1	49.9	49.9	0	0	0	0	0	0	0	6	5					
['491433']	U101400002	Echt	201550	1	48.69	48.67	0	0	0	0.02	0	0	0	6	5					
['491433']	U101400002	Echt	201551	1	39.21	39.21	0	0	0	0	0	0	0	5	5					
['491433']	U101400002	Echt	201552	1	22.22	22.22	9.72	0	0	0	0	0	0	4	4					
['491433']	U101400002	Echt	201553	1	27.99	27.99	0	0	0	0	0	0	0	4	4					
['805979']	U101400002	Echt	201549	1	49.24	49.24	0.85	0	0	0	0	0	0	6	5					
['805979']	U101400002	Echt	201550	1	36.92	36.92	0	0	0	0	0	0	0	5	5					
['805979']	U101400002	Echt	201551	1	41.45	41.45	0	0	0	0	0	0	0	5	5					
['805979']	U101400002	Echt	201552	1	24.93	24.93	0	0	0	0	0	0	0	4	4					
['805979']	U101400002	Echt	201553	1	25.09	25.09	0	0	0	0	0	0	0	4	4					
['582267']	U101400002	Echt	201549	1	44.15	44.15	0	0	0	0	0	0	0	5	5					
['582267']	U101400002	Echt	201550	1	38.62	38.62	0	0	0	0	0	0	0	5	5					
['582267']	U101400002	Echt	201551	1	39.6	39.6	0	0	0	0	0	0	0	5	5					
['582267']	U101400002	Echt	201552	1	31.78	31.78	0	0	0	0	0	0	0	4	4					
['582267']	U101400002	Echt	201553	1	22.85	22.85	0	0	0	0	0	0	0	3	3					
['499766']	U101400002	Echt	201549	1	20.3	11.9	0	0	8.4	0	0	0	0	3	3					
['499766']	U101400002	Echt	201550	1	34.47	19.67	0	0	13.75	1.05	0	0	0	5	5					
['499766']	U101400002	Echt	201551	1	34	20.37	0	0	13.58	0.05	0	0	0	5	5					
['499766']	U101400002	Echt	201552	1	23.55	13.9	0	0	9.12	0.53	0	0	0	3	3					
['592956']	U101400002	Echt	201549	1	42.58	42.58	0	0	0	0	0	0	0	5	5					
['592956']	U101400002	Echt	201550	1	34.8	34.8	0	0	0	0	0	0	0	5	5					
['592956']	U101400002	Echt	201551	1	40.57	40.57	0	0	0	0	0	0	0	5	5					
['592956']	U101400002	Echt	201552	1	31.83	31.83	0.33	0	0	0	0	0	0	4	4					
['592956']	U101400002	Echt	201553	1	23.61	23.61	0	0	0	0	0	0	0	4	4					
['927278']	U101400002	Echt	201549	1	15.25	15.25	0	0	0	0	0	0	0	2	2					
['927278']	U101400002	Echt	201550	1	45.27	28.99	0	0	15.75	0.53	0	0	0	6	5					
['927278']	U101400002	Echt	201551	1	47.29	44.29	0	0	0	3	0	0	0	6	5					
['927278']	U101400002	Echt	201552	1	38.25	23.1	0	0	8.85	1.18	5.12	0	0	5	5					
['927278']	U101400002	Echt	201553	1	39.24	30.97	0	0	7.27	1	0	0	0	5	5					
['840369']	U101400002	Echt	201550	1	52.31	27.31	0	0	17.2	7.8	0	0	0	6	5					
['840369']	U101400002	Echt	201551	1	49.27	23.1	0	0	17	9.17	0	0	0	5	5					
['840369']	U101400002	Echt	201552	1	33.18	19.38	0	0	9.87	3.93	0	0	0	4	4					
['840369']	U101400002	Echt	201553	1	31.27	18.81	0	0	10.29	2.17	0	0	0	4	4					
['595398']	U101400002	Echt	201550	1	7.95	5.33	0	0	2.62	0	0	0	0	1	1					
['768199']	U101400002	Echt	201550	1	8.18	3.78	0	0	3.77	0.63	0	0	0	1	1					
['768199']	U101400002	Echt	201551	1	34.14	20.95	0	0	13.14	0.05	0	0	0	5	5					
['768199']	U101400002	Echt	201552	1	28.88	25.99	0	0	1.73	1.16	0	0	0	4	4					
['768199']	U101400002	Echt	201553	1	28.26	27.06	0	0	0	1.2	0	0	0	4	4					
['725196']	U101400002	Echt	201551	1	7.23	0	0	0	0	7.23	0	0	0	2	2					
['725196']	U101400002	Echt	201553	1	13.29	11.72	0	0	1.57	0	0	0	0	3	3					
['773318']	U101400002	Echt	201551	1	27.65	19.79	0	0	7.78	0.08	0	0	0	4	4					
['773318']	U101400002	Echt	201552	1	34.08	16.02	0	0	11.55	0.54	5.97	0	0	5	5					
['773318']	U101400002	Echt	201553	1	34.76	25.64	0	0	9.05	0.07	0	0	0	5	5					
['684900']	U101400002	Echt	201551	1	19.35	11.75	0	0	7.6	0	0	0	0	3	3					
['621530']	U101400002	Echt	201551	1	28.9	20.34	0	0	8.56	0	0	0	0	4	4					
['621530']	U101400002	Echt	201552	1	34.32	16.68	0	0	10.95	0.52	6.17	0	0	5	5					
['621530']	U101400002	Echt	201553	1	31.19	30.03	0	0	0	1.16	0	0	0	4	4					
['026768']	U101400002	Echt	201551	1	22.13	20.08	0	0	0	2.05	0	0	0	3	3					
['026768']	U101400002	Echt	201552	1	29.19	15.48	0	0	9.01	0.78	3.92	0	0	5	5					
['026768']	U101400002	Echt	201553	1	31.44	22.59	0	0	7.3	1.55	0	0	0	5	4					
['883413']	U101400002	Echt	201551	1	7.02	7.02	0	0	0	0	0	0	0	1	1					
['883413']	U101400002	Echt	201552	1	32.15	32.15	0.1	0	0	0	0	0	0	4	4					
['883413']	U101400002	Echt	201553	1	34.4	34.4	0	0	0	0	0	0	0	5	5					
['284097']	U101400002	Echt	201552	1	18.21	12.01	0	0	2.3	0	3.9	0	0	4	4					
['284097']	U101400002	Echt	201553	1	6.09	3.37	0	0	2.72	0	0	0	0	1	1					
['934181']	U101400002	Echt	201552	1	24.55	11.9	0	0	7.1	0	5.55	0	0	4	4					
['934181']	U101400002	Echt	201553	1	7.86	4.38	0	0	3.48	0	0	0	0	1	1					
['166629']	U101400002	Echt	201552	1	24.05	24.05	0.6	0	0	0	0	0	0	3	3					
['166629']	U101400002	Echt	201553	1	25.62	25.62	0	0	0	0	0	0	0	4	4					
['700847']	U101400002	Echt	201552	1	25.22	17.4	0	0	7.65	0.17	0	0	0	4	4					
['700847']	U101400002	Echt	201553	1	22.21	17.22	0	0	4.96	0.03	0	0	0	4	4					
